10000 10000
1000
1 53040.13 5518 8557
2 78744.35 9535 4293
3 63935.9 7864 4029
4 73161.74 7421 5164
5 43254.29 2693 4146
6 76729.09 8838 1994
7 45114.61 4085 3792
8 25768.21 8558 2422
9 64853.91 682 8854
10 28760.42 8057 1209
11 17154.56 7903 2120
12 86626.3 7884 5446
13 58530.87 1956 3674
14 75679.55 6353 7406
15 74968.03 4162 718
16 14656.92 3189 5989
17 94.96 271 60
18 75238.19 8501 1281
19 52330.63 7123 1912
20 32265.46 5955 4122
21 46777.5 5639 3833
22 54727.69 7599 8628
23 76910.98 3526 857
24 89286.2 2337 2961
25 85926.91 2114 5059
26 36183.65 639 9970
27 98267.77 6873 8756
28 84812.25 9847 6378
29 9922.86 336 1998
30 63525.82 7054 8565
31 28190.1 4319 1481
32 49327.37 1032 304
33 98796.87 5551 915
34 57379.98 104 6497
35 5501.43 8288 7959
36 20809.49 4276 613
37 77849.0 3 4835
38 8971.84 7937 835
39 84121.46 1189 787
40 34373.88 1358 9024
41 66627.96 6210 636
42 81018.66 9952 3249
43 67496.21 4008 8954
44 62521.59 4890 7354
45 99225.03 8783 6858
46 16718.77 2360 6276
47 68211.56 6310 8218
48 12301.51 8527 6595
49 41715.61 3437 170
50 71833.04 8049 2215
51 92905.64 5635 5005
52 51900.38 5806 9378
53 43344.81 6942 6791
54 34986.39 6970 6639
55 78560.41 4630 603
56 46251.78 558 1755
57 26498.14 579 5378
58 82762.08 240 524
59 49050.89 8224 7118
60 98352.79 9755 2674
61 45171.7 3059 3626
62 62256.62 852 3817
63 82841.87 316 2112
64 47032.13 3578 9746
65 85711.71 1938 6440
66 44014.14 333 2936
67 17679.55 1231 8447
68 5682.74 5113 3771
69 85487.63 9082 3468
70 94728.25 6247 4921
71 82713.71 8665 1334
72 3407.79 4422 7091
73 27585.87 4558 3290
74 52855.45 2446 3406
75 62678.82 4521 6056
76 3366.23 2191 302
77 73164.42 9768 8309
78 71451.62 141 6066
79 72113.58 9265 8730
80 95294.1 1650 9079
81 11228.03 585 1209
82 14927.62 5846 9467
83 17455.52 9987 3688
84 42435.42 1173 8157
85 57454.59 5328 5016
86 14116.7 6025 5616
87 61930.36 5185 5324
88 55968.25 331 2078
89 50587.46 6936 850
90 33045.36 6341 3986
91 45214.5 4534 7851
92 18249.58 4477 4342
93 83195.07 7794 8693
94 12046.19 3806 8683
95 69444.31 3284 4395
96 4667.36 7971 1951
97 23893.88 6596 7566
98 25360.54 3996 1277
99 75442.7 339 9097
100 43517.84 706 1772
101 5906.0 4248 9857
102 60615.66 124 4013
103 19687.9 9426 7356
104 8278.16 1315 1136
105 28735.32 4768 9565
106 69597.8 5645 9149
107 41793.82 4774 6587
108 92479.75 2951 4994
109 58650.2 9928 5030
110 96265.78 5371 8163
111 55664.59 369 2706
112 79074.25 2980 5786
113 36103.79 5652 3561
114 21096.41 2139 6407
115 20184.83 2241 1021
116 89216.57 4943 7939
117 75554.44 3440 4712
118 49909.68 3388 8553
119 9412.72 4962 2200
120 34747.38 5746 626
121 28293.03 5841 9164
122 17769.81 3139 8679
123 3281.68 357 1293
124 33003.38 455 5403
125 59983.46 8203 8323
126 44884.65 1976 5103
127 75124.75 7702 7512
128 71336.23 8487 9690
129 17409.29 4601 5491
130 8482.79 8506 8188
131 49891.55 6574 8215
132 35194.73 4097 2859
133 76559.82 1679 6043
134 25744.15 2570 7944
135 66759.71 5934 119
136 46659.25 2221 8676
137 37156.48 1793 8912
138 25084.57 5126 2584
139 37254.03 8188 494
140 79232.66 6340 2356
141 29182.51 3314 70
142 78033.01 582 4419
143 77430.58 467 6728
144 33325.22 8903 6016
145 46423.16 1342 4770
146 16706.94 8210 8287
147 79951.04 878 3403
148 13943.45 7386 9692
149 19675.71 1897 478
150 87122.12 86 5511
151 87865.62 8945 3105
152 3578.59 2604 4765
153 79931.65 6086 8297
154 30601.61 118 6973
155 22453.22 2474 2013
156 53744.28 2591 53
157 90321.97 4837 6549
158 16092.67 9370 6996
159 10966.73 1016 4758
160 97341.15 822 8158
161 96404.18 2997 7577
162 32554.57 7467 1058
163 81975.41 5765 1586
164 33757.94 8468 1727
165 23224.55 2337 7637
166 47237.16 203 4773
167 88088.9 4900 678
168 93765.75 6812 5887
169 58501.88 3560 2890
170 57467.05 8194 5937
171 25406.44 2087 8455
172 98376.38 9086 2294
173 16809.33 2597 1064
174 71122.82 1115 4736
175 65624.64 7301 4709
176 21479.33 4474 7890
177 64957.91 5685 8130
178 30506.13 4632 1925
179 86986.72 7165 4070
180 81894.11 5965 5817
181 34874.68 6543 2526
182 48426.42 7188 5288
183 20783.78 8257 8263
184 50470.62 2985 953
185 27595.8 1013 9522
186 50486.35 3427 4447
187 10410.45 2392 5166
188 8337.35 3976 8317
189 24701.29 7248 8674
190 67212.27 7324 8477
191 39844.77 4312 2912
192 7675.43 6375 6586
193 37696.75 3488 9343
194 56346.06 9979 2082
195 1380.24 5611 9894
196 99869.42 8933 2443
197 13124.52 5817 7617
198 50866.72 3160 8212
199 67797.6 3923 5531
200 14470.8 9773 3975
201 26996.83 426 1173
202 13229.47 8817 8730
203 8472.44 1166 7634
204 11985.81 7467 6649
205 93926.12 6288 2713
206 60405.04 5522 3996
207 18405.24 1607 5363
208 56138.56 4267 5011
209 90040.0 6023 9015
210 27808.97 4690 382
211 53167.89 3723 3218
212 42970.6 8717 3622
213 29420.94 9903 8531
214 24304.69 1276 7587
215 72042.86 6697 6256
216 24945.61 6978 2164
217 23108.52 7513 4249
218 5842.89 8313 2231
219 71602.99 4656 8915
220 44640.4 7064 6937
221 20651.29 1996 5176
222 88290.26 5902 5723
223 97496.05 607 9830
224 29736.46 1609 3653
225 10997.75 6829 413
226 64733.19 7103 1175
227 54770.57 2828 2669
228 93285.5 3098 211
229 73404.4 153 4366
230 31032.11 2872 5060
231 98597.14 3610 3207
232 53820.44 2459 521
233 80013.25 6652 1514
234 11763.87 5563 124
235 26971.22 3051 4177
236 29338.43 5843 3592
237 76461.47 4734 4877
238 56948.67 5263 1726
239 69210.65 7432 435
240 40467.58 2038 6796
241 32930.77 6718 3782
242 45662.81 7785 3448
243 82051.36 2057 8874
244 71736.74 9426 8490
245 693.12 7800 7722
246 82342.06 8542 407
247 73056.08 8644 2433
248 19441.89 5414 662
249 5679.15 5653 4568
250 13558.04 1156 1175
251 7907.9 2608 747
252 14290.0 620 5171
253 97232.1 2373 5681
254 54863.35 2856 8427
255 60639.33 69 821
256 20638.89 5418 2932
257 9928.56 6613 1482
258 79207.84 762 6703
259 77759.56 9799 4287
260 25565.25 3536 8329
261 82649.25 2594 5903
262 257.6 9047 5154
263 39310.98 4056 4766
264 23257.98 5567 4079
265 18740.07 473 3651
266 89675.47 9906 7266
267 81166.6 5058 4811
268 35575.93 4422 4364
269 49043.6 9995 9483
270 76322.51 2430 3863
271 31322.74 6078 8346
272 45331.1 3317 389
273 67858.11 8610 8033
274 19602.84 6702 4393
275 44226.11 3584 7301
276 11750.51 8507 6904
277 99174.93 443 4630
278 16012.43 7131 7335
279 97145.64 1238 2075
280 75979.42 9694 8496
281 1861.2 8566 21
282 20490.31 9151 9791
283 92313.08 5369 6504
284 21976.5 124 544
285 5339.17 9089 6488
286 42960.22 2853 1698
287 86789.0 2550 3088
288 36349.93 1166 9533
289 43582.13 451 9685
290 82405.6 3717 6215
291 67496.49 6782 4088
292 83104.9 8045 197
293 17896.57 7608 5069
294 20189.86 3945 3828
295 26164.43 1980 9524
296 8419.66 6757 5355
297 18771.24 1822 2629
298 77263.12 7168 2057
299 65921.41 8984 6041
300 59578.74 2853 9669
301 23309.03 5889 1452
302 85201.53 1478 7477
303 34614.9 9316 7864
304 39266.22 2496 5566
305 70087.24 3257 5608
306 53926.59 2832 2631
307 83251.14 7447 4508
308 82512.09 5766 4536
309 936.26 665 2161
310 64551.18 8232 6978
311 10371.88 2356 5998
312 14535.25 9974 2955
313 77274.38 646 4891
314 90172.08 8063 7539
315 34468.76 2248 9986
316 54204.19 178 1294
317 41933.27 4018 6661
318 45380.35 2691 4765
319 12833.82 4815 8238
320 11689.72 17 9159
321 51409.27 6083 9424
322 47182.34 601 1269
323 29802.11 5186 2057
324 9763.84 5977 9203
325 63987.36 6550 4542
326 63385.65 3949 4689
327 3277.72 3870 2142
328 98140.28 8706 5118
329 81702.04 5882 5387
330 56071.08 9938 1574
331 63906.27 1274 3521
332 32884.08 6138 2064
333 91679.12 9374 9607
334 64561.08 5660 4270
335 72972.44 9628 4393
336 70597.55 6560 267
337 20118.53 3553 5505
338 35227.52 7283 9134
339 2564.09 6573 9310
340 47034.11 907 1802
341 1420.35 374 919
342 86795.54 9914 7711
343 21375.42 9904 1533
344 41890.55 4942 4299
345 21445.26 6913 9469
346 50985.55 3706 4802
347 50524.4 9313 3673
348 94892.35 574 2147
349 95158.02 5524 7814
350 74203.52 9957 9992
351 15304.57 3551 6566
352 10518.67 6722 3337
353 66857.7 7073 3010
354 96835.34 6145 2127
355 60085.05 5123 3539
356 4389.75 532 3485
357 50132.04 3673 2368
358 79195.89 291 7944
359 49875.43 3796 4984
360 74499.84 2436 1918
361 64163.37 1679 2602
362 39467.06 6059 3749
363 27336.54 4599 611
364 59860.1 4067 3292
365 35249.57 5576 4401
366 40669.09 9277 8900
367 96710.78 4344 1213
368 98682.15 3933 9216
369 48852.0 8 3168
370 28428.5 7301 1071
371 59071.01 2240 1160
372 17601.47 936 4544
373 54505.47 1528 2886
374 7836.92 4212 7743
375 56440.29 6811 7948
376 34109.23 7180 9701
377 22549.94 9095 8402
378 55714.21 6422 5364
379 72603.5 3985 4810
380 47222.99 1330 7425
381 6090.4 3022 4975
382 82184.65 5485 1877
383 40858.74 8259 1358
384 11011.6 9847 5595
385 7454.67 7847 6877
386 2022.15 3795 1818
387 22213.05 3991 6256
388 97321.89 5859 5330
389 85465.56 9786 7929
390 81630.31 8002 905
391 78157.43 3775 9206
392 6593.71 9458 695
393 19330.42 4186 1348
394 25944.17 354 1794
395 42216.23 1269 1046
396 68839.05 4328 2770
397 51587.92 631 4252
398 45259.83 6180 53
399 7102.03 2095 2782
400 7581.17 9603 3989
401 8555.51 7887 920
402 59185.69 5079 7786
403 14673.77 663 6184
404 43763.23 6797 9043
405 82462.56 7623 5191
406 33607.35 8539 3323
407 39093.24 6390 3406
408 14262.87 1175 6882
409 4358.95 411 7533
410 36745.17 8922 3720
411 5196.16 5491 5713
412 42153.44 6017 1158
413 51061.18 6207 9561
414 14687.79 8742 3953
415 99157.6 8881 8829
416 34574.1 8858 3042
417 86925.52 6 8567
418 8719.77 9625 4303
419 85561.45 9563 4264
420 25416.46 9511 79
421 12556.77 8282 5094
422 16303.36 6565 6967
423 37504.08 9066 6302
424 33093.84 9972 1656
425 66201.72 5349 7949
426 45319.7 6963 9951
427 34395.68 9850 9640
428 48210.0 5017 6693
429 28700.32 1847 9253
430 19269.94 7992 4134
431 2109.01 2576 7600
432 91424.81 1752 8027
433 22488.78 3844 1025
434 86587.22 2692 9499
435 9860.14 3826 1689
436 61044.63 8820 1997
437 86878.38 4696 9461
438 14061.56 9337 3284
439 11372.77 9427 5465
440 97392.84 7140 7596
441 43663.92 3805 8740
442 93498.45 2167 6808
443 98490.63 2666 2474
444 90293.13 8115 7423
445 94039.93 8699 9118
446 75121.15 5230 9678
447 31524.49 2865 387
448 46423.85 8205 7564
449 76660.36 7669 5610
450 291.1 9265 9432
451 97701.82 1083 829
452 89201.77 6292 8579
453 31949.03 677 3960
454 13181.99 3108 2541
455 90996.82 6961 1936
456 8604.53 9974 6244
457 39256.87 9312 2496
458 80506.32 4106 8720
459 38142.33 6476 6772
460 92672.1 3489 1892
461 58387.75 8670 8899
462 55820.14 6294 565
463 39080.81 2567 2581
464 45896.43 1752 5649
465 2838.9 6639 9195
466 44829.28 3012 429
467 5789.52 5783 2395
468 31983.13 5504 778
469 87045.23 234 2128
470 10868.92 5095 5500
471 16062.3 8097 2642
472 6960.91 3361 3428
473 72069.88 801 6576
474 62255.53 3034 8338
475 85652.51 5926 5857
476 63467.63 4028 5768
477 5713.81 5586 7290
478 41881.31 3671 6065
479 47632.91 375 9260
480 20538.8 3341 4411
481 91154.09 8085 2280
482 28050.54 1496 9121
483 39449.63 6694 1344
484 48524.61 9977 8027
485 48338.93 7948 3277
486 70451.02 3270 901
487 74963.14 9815 3916
488 54908.96 3032 3269
489 19043.86 3482 7091
490 35224.27 1774 5795
491 92250.47 3604 6576
492 6376.54 5703 6834
493 49700.15 4741 5888
494 76399.58 5509 9379
495 3887.31 8588 9883
496 81931.79 8233 4161
497 60024.03 5911 9927
498 56111.44 3934 7792
499 74189.09 6724 1956
500 76951.59 1009 9905
501 67423.66 5477 1383
502 65089.86 9351 4639
503 78515.13 2999 2566
504 77733.38 3543 947
505 36733.87 4798 1283
506 44651.48 2127 9963
507 10894.72 421 4615
508 78098.66 6541 5554
509 33760.22 782 2895
510 93728.55 4249 3451
511 56768.58 509 9440
512 30015.64 2947 8468
513 27056.02 486 9498
514 69489.47 9902 7355
515 67421.82 9402 2956
516 73646.03 1150 1507
517 24079.35 732 1526
518 47173.24 5577 1290
519 83507.65 4208 9048
520 9988.29 3486 1413
521 46157.36 1411 3652
522 12386.04 94 6452
523 28022.89 1528 5304
524 7402.55 1597 1823
525 4257.82 8258 6644
526 87435.57 5401 3721
527 89180.31 962 6409
528 86018.22 3627 8020
529 2077.55 7470 7709
530 25952.62 2992 1377
531 92739.2 4383 329
532 29979.95 7572 3464
533 18065.25 7718 112
534 86681.42 1215 846
535 67703.2 7971 7078
536 70234.0 8597 5103
537 21310.47 7883 423
538 45536.56 6658 6332
539 63354.67 4871 7464
540 38710.74 7239 4007
541 70094.36 9597 8445
542 96980.0 818 1283
543 28479.29 7320 6268
544 90135.95 3548 2175
545 85595.7 82 3618
546 6077.57 6139 6914
547 42856.95 3249 4252
548 11205.94 3563 9083
549 56447.05 3173 5805
550 1352.9 6571 957
551 1810.68 2591 6557
552 5979.42 2225 8571
553 16028.48 7181 660
554 5750.48 5166 4520
555 65260.14 2744 1429
556 7207.27 1676 7289
557 6714.01 4968 7908
558 10118.53 5084 5758
559 39748.45 5699 2285
560 54595.15 2108 6996
561 26032.16 2006 71
562 29177.52 195 3440
563 66885.3 5739 3584
564 89680.08 6124 7980
565 26203.7 8302 45
566 88641.42 7554 3043
567 33269.08 3863 5642
568 75735.83 9586 5315
569 35152.56 2557 513
570 74169.66 7066 9118
571 58618.25 6296 1117
572 7946.87 2734 6346
573 48382.45 8777 2926
574 92094.43 9353 3314
575 84462.04 4326 5036
576 70572.9 1588 6867
577 47552.52 5802 1591
578 72190.09 8915 66
579 46895.83 6251 6347
580 36394.48 5211 8312
581 11932.43 896 9396
582 28017.16 5966 9544
583 61439.49 3021 7594
584 71266.95 7069 6215
585 98531.69 8379 5457
586 42319.99 187 2047
587 51062.53 249 1837
588 25507.68 9337 2654
589 89401.07 2473 3187
590 37165.62 7502 2256
591 54570.91 8592 2185
592 71520.35 9210 3383
593 14042.64 278 9442
594 54012.27 9409 2258
595 90302.85 4109 5629
596 1222.08 9530 8673
597 73792.27 8535 8722
598 75308.36 1034 3463
599 90339.98 6741 7088
600 60283.7 8855 7613
601 68140.55 5404 7914
602 99725.73 1622 8702
603 86462.76 4531 4269
604 28054.68 8675 9566
605 24494.78 6688 7786
606 48574.29 2343 5354
607 77504.3 6956 8385
608 68906.6 1179 5015
609 14429.37 1141 1583
610 60443.4 7203 6182
611 52873.21 6541 2478
612 21341.91 8629 1890
613 6253.71 8301 9301
614 10709.18 2622 1836
615 60536.86 8738 3875
616 78258.5 6653 7510
617 3934.2 5447 922
618 92281.18 780 4764
619 24849.22 8939 6901
620 73867.99 9812 7997
621 31696.28 9190 6648
622 84238.65 1529 2205
623 97499.8 6733 1177
624 93439.66 9531 8015
625 73503.75 6646 7937
626 85285.72 1603 1093
627 20042.97 2330 4732
628 35755.66 6470 6834
629 47262.19 7055 8428
630 58485.8 6012 7625
631 34785.1 7273 6536
632 60079.37 949 7775
633 58716.57 7942 5809
634 99688.47 6852 7511
635 72755.06 9243 9388
636 9955.01 9648 4739
637 21344.38 8932 7908
638 4367.64 4304 6083
639 44460.62 8538 3537
640 29996.01 844 2115
641 59686.59 8656 6336
642 89988.44 769 2743
643 90583.7 9908 8237
644 72151.03 9110 4212
645 45793.05 730 933
646 29150.0 107 9952
647 91014.2 4081 21
648 36546.34 701 9641
649 36454.04 7721 7972
650 22770.51 3716 8219
651 13714.59 5177 309
652 5796.82 616 2137
653 87522.07 5948 4517
654 40546.66 4219 8154
655 90804.74 253 2517
656 75035.96 1880 1175
657 19623.37 5729 9380
658 67338.63 3699 9530
659 20920.46 9572 1381
660 40650.36 8014 2154
661 83118.81 5635 9700
662 98681.34 430 7717
663 17428.37 8106 8818
664 56338.57 7261 8950
665 26827.97 2293 9138
666 19094.34 9438 2034
667 13913.25 4669 1941
668 98632.66 3997 9440
669 12937.66 6154 9363
670 7128.19 2091 7417
671 23265.81 376 6933
672 81169.73 5836 3868
673 13103.19 1283 5221
674 30533.34 2015 6472
675 60345.35 3962 2784
676 70979.05 3030 3990
677 82828.52 3014 6687
678 16891.12 4737 8696
679 84007.9 3568 3839
680 72519.42 1743 8236
681 47873.63 5316 781
682 96179.23 5848 6907
683 70840.14 550 1006
684 97047.58 1119 6673
685 1402.42 3212 1232
686 57480.25 1373 6404
687 29935.72 603 4832
688 70340.37 3553 7893
689 35444.64 4243 8040
690 31164.17 6149 9002
691 83431.05 7572 1161
692 45676.69 838 4933
693 4306.44 5576 6201
694 36528.45 1210 5683
695 20854.62 9610 7378
696 63561.4 5593 9590
697 47337.68 4898 2330
698 32407.23 8100 8352
699 61478.56 1930 4272
700 3.66 7458 1430
701 84438.83 4409 8050
702 29789.07 1602 4342
703 24842.26 3441 6168
704 68413.24 3054 7802
705 39874.33 1409 1556
706 66940.01 9955 295
707 45784.86 4025 2431
708 14402.28 6015 4703
709 78069.42 1726 993
710 43931.08 9502 426
711 33126.45 8351 4900
712 56787.92 4614 3521
713 24065.7 5224 5895
714 52283.08 4639 7857
715 68889.03 1280 1648
716 18564.13 7908 8403
717 68167.59 3797 2833
718 60139.83 6588 9408
719 23395.7 6103 4919
720 56596.2 550 3646
721 93803.25 7434 8905
722 90423.2 312 2525
723 86300.99 3225 2412
724 19896.34 7377 9949
725 85569.96 8917 9502
726 15214.79 8085 5604
727 66042.35 7682 1225
728 99435.65 6424 2173
729 72672.33 3851 4626
730 34289.88 3885 1506
731 28308.41 6520 6044
732 89997.0 2586 914
733 84882.84 209 519
734 188.49 7825 8303
735 34772.79 58 2439
736 93529.13 796 9031
737 46626.59 7752 4866
738 64442.88 6568 9005
739 81247.17 6747 7252
740 24438.31 958 9234
741 79780.0 2874 2345
742 67277.14 528 3449
743 69593.83 1773 5630
744 42571.67 8847 2163
745 55493.95 6633 4850
746 33401.86 1893 7555
747 31145.23 1464 751
748 82705.71 6531 5438
749 83257.3 4010 5370
750 21166.69 5018 6189
751 86344.25 6124 6383
752 41026.13 4784 345
753 52166.87 8707 6501
754 15467.87 3007 9068
755 45400.87 5429 5015
756 97673.96 5212 6913
757 8852.58 4854 5570
758 55366.56 1830 2188
759 34628.01 2612 1732
760 5695.52 413 2365
761 38920.12 4387 5115
762 17126.28 2050 273
763 92359.75 6318 6101
764 99905.99 7375 3131
765 46307.87 6766 661
766 10947.3 5558 2294
767 14841.9 6408 6705
768 28773.52 152 2335
769 58637.68 5025 9441
770 24434.72 1664 1676
771 84695.29 9858 1399
772 13992.88 4800 7718
773 13661.04 9688 8099
774 96464.89 1056 1971
775 65976.34 5261 9349
776 36658.96 1865 8238
777 54211.04 6083 9940
778 81619.07 8175 2595
779 22537.97 8418 531
780 3283.56 6375 9380
781 46851.23 8731 144
782 21255.98 3327 2887
783 48088.54 3142 4057
784 17540.23 3699 7668
785 8307.78 3457 5862
786 52069.02 4603 6849
787 65136.49 4353 7291
788 91811.06 755 3327
789 44196.39 6059 8079
790 63686.62 4607 3802
791 15293.89 984 9826
792 21722.81 1249 4525
793 98347.54 8389 443
794 71051.88 6856 2185
795 55699.64 5136 4028
796 73518.47 9891 3001
797 31591.92 5833 4176
798 62650.79 3649 7115
799 87386.69 5844 2142
800 66494.14 8587 9512
801 1984.21 4117 9055
802 77979.24 9099 1057
803 93973.09 8292 4611
804 43497.43 2436 9585
805 76462.96 8059 4513
806 7496.48 1146 5206
807 34684.29 2753 8698
808 69014.89 6022 825
809 55180.4 7220 5008
810 85101.94 6315 6618
811 12445.36 4808 7313
812 27700.4 2926 6995
813 25773.28 1855 8741
814 16371.03 9863 7953
815 63715.47 1122 4055
816 91790.53 2405 7760
817 79741.13 8831 2850
818 8462.92 916 613
819 70971.66 2894 424
820 64559.44 3388 5450
821 89810.56 6939 5005
822 70712.08 4000 1595
823 53936.6 2048 317
824 70834.15 7636 9420
825 10909.51 7386 9503
826 13444.42 5205 649
827 24657.67 6542 3867
828 59102.66 371 4792
829 84212.61 6662 9996
830 71361.76 7317 1136
831 1019.57 2804 5373
832 1855.8 3783 4979
833 29618.77 5536 7393
834 94136.72 4723 6530
835 38707.6 4179 3311
836 32638.84 9314 9530
837 95754.52 3336 6870
838 87899.02 3112 4193
839 37814.68 4770 7851
840 45501.64 8983 5334
841 60776.42 6143 9243
842 8106.2 7350 6854
843 99391.2 2414 4847
844 12120.09 9588 6730
845 45112.93 8582 8596
846 85391.81 8124 8626
847 67407.63 1304 3789
848 84290.67 7079 6418
849 52215.48 7795 4355
850 22215.46 8768 1308
851 90546.39 9621 7557
852 27364.3 9795 2141
853 51175.44 953 5163
854 92705.13 1179 8034
855 73019.99 3216 9673
856 38115.46 1039 4005
857 64063.24 5750 8212
858 71265.53 5181 1093
859 31851.27 8284 1381
860 82493.65 8508 4427
861 59313.87 7658 2488
862 19018.66 8054 3324
863 75940.63 9983 1787
864 28685.43 1018 712
865 45048.25 2577 1329
866 10180.15 4605 9857
867 61479.12 3138 3245
868 56939.4 2668 1924
869 80121.29 4118 975
870 51419.76 7706 7243
871 41640.67 5658 9143
872 75411.89 5881 3154
873 88358.4 9221 4558
874 70108.95 792 6298
875 64650.98 4169 2181
876 33839.04 6891 8745
877 69645.54 7779 9523
878 23094.62 2850 3155
879 34311.09 9532 9539
880 22858.83 7480 1501
881 48861.39 8717 4379
882 30606.33 5810 3996
883 13443.8 3404 7494
884 38522.51 2960 6803
885 53381.09 6993 8788
886 50557.29 825 4378
887 1927.78 4842 3467
888 74935.33 4037 8384
889 26490.0 1500 6170
890 50428.86 1411 2229
891 45320.58 1817 1514
892 71544.08 9548 3612
893 72961.63 1542 5896
894 23516.41 7849 8709
895 62613.72 6765 5300
896 40791.44 9959 8520
897 1012.33 7291 9431
898 25835.27 7823 9265
899 43604.69 1686 4754
900 70506.07 6060 9675
901 85229.58 3030 7707
902 11112.52 4034 3881
903 16214.01 699 6517
904 58060.94 8213 5019
905 11858.53 5782 4100
906 79204.21 4258 173
907 75489.92 6754 6838
908 93506.86 540 6283
909 49898.15 1453 7838
910 86330.77 824 7482
911 68718.03 2887 847
912 46353.27 2555 9525
913 51638.21 7870 4652
914 6695.62 9905 1138
915 37827.64 744 6271
916 49167.81 9033 5751
917 31419.03 8135 528
918 11500.38 5439 2395
919 76385.02 6124 8926
920 66029.86 225 8339
921 22314.5 4757 2606
922 30208.68 9367 3425
923 54772.37 9283 5897
924 43809.24 17 5239
925 32994.2 7145 1028
926 73899.22 9848 3327
927 76298.02 5886 8385
928 53084.39 9989 9951
929 84380.77 1579 1477
930 47001.79 2497 8235
931 52520.4 4005 8442
932 11964.45 1799 3665
933 68402.47 4572 2672
934 23194.34 5186 9855
935 61448.97 3114 1056
936 82971.3 6848 2039
937 16509.54 9837 8659
938 94375.64 2524 9572
939 38383.16 2966 8348
940 36426.84 6688 5621
941 96224.37 4696 3901
942 51141.5 9435 8620
943 48282.85 8482 194
944 13341.08 9947 7161
945 93769.74 1200 4559
946 88909.31 7589 7003
947 2494.37 130 1803
948 87079.22 8655 14
949 35084.2 4360 5650
950 53260.48 1898 1413
951 80633.69 1185 3666
952 40994.02 8932 8670
953 71801.99 6729 7433
954 63456.85 7714 4429
955 29454.57 2048 9134
956 7037.21 3912 9392
957 41076.63 382 1721
958 72581.44 9927 89
959 67027.64 8800 8750
960 54773.7 6282 5899
961 45957.59 8627 6462
962 97498.27 9097 8127
963 79647.05 3546 8497
964 59483.9 9328 5059
965 21919.44 2815 5527
966 63682.94 4598 5782
967 15932.73 2705 3542
968 75635.85 1353 5488
969 34228.7 2285 6126
970 72212.17 2501 2220
971 19055.09 5375 358
972 82887.97 5876 4853
973 74354.93 8610 1359
974 96114.95 4376 5641
975 7424.28 4985 2371
976 72860.94 6966 5759
977 27462.16 5395 1358
978 71271.42 3024 7766
979 67025.05 1395 6523
980 75135.41 3905 494
981 87374.78 9247 5234
982 90080.29 5832 8431
983 88699.0 9366 6104
984 23881.43 3529 2534
985 4868.02 6550 2034
986 95140.18 17 3966
987 64758.93 7567 6866
988 16628.37 4431 9208
989 68207.04 2829 7706
990 45761.15 1666 9069
991 54389.74 9695 9844
992 30193.84 983 7695
993 11078.6 2034 4622
994 86192.16 6833 7795
995 62392.62 688 4180
996 5624.75 6243 6423
997 76858.76 148 832
998 53095.1 6471 1741
999 43457.91 818 7894
1000 70307.32 2263 4998