1024 768
40
1 2543.14 1020 438
2 4662.72 859 128
3 7003.33 618 63
4 5840.49 809 366
5 2119.24 402 656
6 3541.97 784 479
7 4512.23 133 67
8 3296.49 426 684
9 2618.26 960 199
10 2762.88 279 51
11 1498.71 577 59
12 5451.27 349 525
13 794.81 299 481
14 7895.34 1018 444
15 1806.59 100 54
16 4658.31 234 762
17 5066.18 856 278
18 4781.03 509 278
19 317.29 679 161
20 1567.45 271 541
21 1078.72 177 397
22 5609.96 300 632
23 6598.57 205 580
24 1310.13 541 388
25 1427.76 920 223
26 5251.3 420 68
27 2165.42 929 236
28 4744.42 398 300
29 4170.22 915 409
30 1550.23 165 469
31 1625.49 842 102
32 986.53 944 623
33 4340.54 581 735
34 9213.41 580 208
35 6539.15 767 238
36 8042.47 182 26
37 9702.91 762 760
38 1691.36 2 311
39 8466.69 132 660
40 5353.12 799 583